每幅图像的标定误差：
第1幅图像的平均误差：0.0891234像素
第2幅图像的平均误差：0.0661188像素
第3幅图像的平均误差：0.0666265像素
第4幅图像的平均误差：0.0583377像素
第5幅图像的平均误差：0.195575像素
第6幅图像的平均误差：0.177104像素
第7幅图像的平均误差：0.152352像素
第8幅图像的平均误差：0.152601像素
第9幅图像的平均误差：0.0897922像素
第10幅图像的平均误差：0.110432像素
第11幅图像的平均误差：0.0656642像素
第12幅图像的平均误差：0.104121像素
第13幅图像的平均误差：0.159292像素
第14幅图像的平均误差：0.100663像素
第15幅图像的平均误差：0.112271像素
第16幅图像的平均误差：0.0580735像素
第17幅图像的平均误差：0.143729像素
第18幅图像的平均误差：0.168907像素
第19幅图像的平均误差：0.0982607像素
第20幅图像的平均误差：0.208653像素
第21幅图像的平均误差：0.16687像素
第22幅图像的平均误差：0.059734像素
第23幅图像的平均误差：0.047147像素
第24幅图像的平均误差：0.104725像素
第25幅图像的平均误差：0.167764像素
第26幅图像的平均误差：0.162298像素
第27幅图像的平均误差：0.0822875像素
第28幅图像的平均误差：0.107429像素
第29幅图像的平均误差：0.159658像素
第30幅图像的平均误差：0.13972像素
第31幅图像的平均误差：0.0690051像素
总体平均误差：0.117559像素

相机内参数矩阵：
[567.5113367677444, 0, 334.5811839185264;
 0, 567.2938652750964, 225.4542607911575;
 0, 0, 1]

畸变系数：
[0.08606681797962767, 0.1456645688343292, -0.005332565096115686, -0.004526745397627398, -2.196914944206765]


第1幅图像的旋转向量：
[60.21871498190287;
 13.28682239824195;
 194.2724334120667]
第1幅图像的旋转矩阵：
[-0.7608013833669061, -0.3151150783824932, 0.5673479906045296;
 0.3894245058681394, -0.9209965582446002, 0.0106721099580329;
 0.5191626039078294, 0.2290585669159658, 0.8234089892793535]
第1幅图像的平移向量：
[2.000111190970819;
 -1.978291157999607;
 -0.1359196588764079]

第2幅图像的旋转向量：
[55.43678591135485;
 17.66154420827993;
 209.3155454660796]
第2幅图像的旋转矩阵：
[-0.7634804417221639, 0.4853172301365563, 0.4261042140607275;
 -0.4070565979443654, -0.8738378132985896, 0.2659180364689441;
 0.5014005795545999, 0.02957468819988249, 0.8647096603139059]
第2幅图像的平移向量：
[-2.059881329123205;
 2.133822142305348;
 -0.454601883380939]

第3幅图像的旋转向量：
[56.68845434469662;
 20.23675832759787;
 204.643218697849]
第3幅图像的旋转矩阵：
[0.953858827405474, 0.2997815382039094, -0.01686317682858446;
 -0.2972781211650302, 0.9507993017971107, 0.0872147142328423;
 0.04217885794143519, -0.07817747152616719, 0.9960467995473564]
第3幅图像的平移向量：
[-2.088615902783891;
 2.108291192614867;
 -0.4689737776462621]

第4幅图像的旋转向量：
[64.95941164201069;
 15.49537700696031;
 199.4709248278381]
第4幅图像的旋转矩阵：
[-0.8012248323698236, -0.08090229437257873, 0.5928689456863133;
 0.1714901651134269, -0.9803007816521272, 0.09798724795399674;
 0.5732624976948323, 0.1801810097026906, 0.799315277271241]
第4幅图像的平移向量：
[2.043883351212579;
 -1.913983603557667;
 0.5536368121472518]

第5幅图像的旋转向量：
[56.51452634642743;
 11.40114741853971;
 186.6014835781464]
第5幅图像的旋转矩阵：
[0.8760841822029624, -0.477521609090768, 0.06670546113423118;
 0.4820905650904711, 0.8652210842246597, -0.1377721396504199;
 0.008074202407481072, 0.1528580657488124, 0.9882151683672007]
第5幅图像的平移向量：
[2.047236671540544;
 -2.035414428836105;
 0.1596267709115259]

第6幅图像的旋转向量：
[62.39024677020349;
 25.51079351085452;
 153.4341733850171]
第6幅图像的旋转矩阵：
[-0.2654692309388085, 0.8918274805251433, 0.3662920042874714;
 -0.7253194081938078, -0.4350369253895355, 0.5335303455709002;
 0.635167571214197, -0.1240428092546888, 0.7623486983986154]
第6幅图像的平移向量：
[2.059339312759617;
 -2.034352423789174;
 0.2275966518641036]

第7幅图像的旋转向量：
[53.3993250223362;
 25.25691404252484;
 163.5242610718606]
第7幅图像的旋转矩阵：
[-0.3333619117616203, 0.8947234998660529, 0.2972199430961501;
 -0.7633551158059921, -0.4411670066709438, 0.4718693033010513;
 0.5533161871475095, -0.0695811110319498, 0.8300600376045708]
第7幅图像的平移向量：
[2.066528421150301;
 -2.02884222321469;
 0.1820055937928114]

第8幅图像的旋转向量：
[48.73700529617744;
 21.11817436476483;
 164.8502725080647]
第8幅图像的旋转矩阵：
[-0.7658661814657908, 0.443885567749588, 0.4652038207395059;
 -0.3122860409959348, -0.8892087607729537, 0.3343429502228411;
 0.5620733232293574, 0.1107852991522514, 0.8196341847468614]
第8幅图像的平移向量：
[-2.140624874817498;
 2.104185391928666;
 -0.5969127884150671]

第9幅图像的旋转向量：
[52.0140821963746;
 14.94562791918616;
 137.3791485621325]
第9幅图像的旋转矩阵：
[-0.7518134404259724, 0.07103265404079949, 0.6555386432963223;
 0.07159423224452273, -0.9795088846999837, 0.1882461439262741;
 0.6554775485889507, 0.1884587669855511, 0.7313224162037597]
第9幅图像的平移向量：
[2.146078381377659;
 -2.088345073396127;
 0.4099012928773805]

第10幅图像的旋转向量：
[33.71217739674596;
 22.7193154412404;
 189.2440744845492]
第10幅图像的旋转矩阵：
[0.3659313704754421, 0.9306410291928359, 0.001227552387484662;
 -0.9039054841570214, 0.3551043411027542, 0.2384445064178234;
 0.2214703316763341, -0.08836391635095188, 0.9711553482704489]
第10幅图像的平移向量：
[2.154971835371743;
 -2.170176646038771;
 0.4046963860445857]

第11幅图像的旋转向量：
[35.07016814772458;
 11.99898962597002;
 189.9529766354243]
第11幅图像的旋转矩阵：
[0.3440831733315332, 0.9368954356439279, 0.06191698070543172;
 -0.9216570274321894, 0.3244209199310266, 0.2128365346832332;
 0.1793184140431839, -0.1302996906392382, 0.9751240418553714]
第11幅图像的平移向量：
[-2.191194933635133;
 2.196109598715659;
 -0.2638945170761745]

第12幅图像的旋转向量：
[42.3803593625647;
 15.26648177770287;
 180.3213933362602]
第12幅图像的旋转矩阵：
[-0.7759331892324961, 0.5076858610570809, 0.3744098721057149;
 -0.4375138547357204, -0.86069445719948, 0.2603587491527479;
 0.4544329573895123, 0.03821148817859576, 0.8899609931954315]
第12幅图像的平移向量：
[-2.105398432057703;
 2.049151652757461;
 0.1504039689544946]

第13幅图像的旋转向量：
[50.53639152341745;
 17.42210334175465;
 169.3422981541841]
第13幅图像的旋转矩阵：
[0.008528048222029891, -0.9205264622976369, 0.3905871280563659;
 0.9807701726379409, -0.06846226342585941, -0.1827642934228455;
 0.1949798473106041, 0.3846348277215748, 0.9022410478615612]
第13幅图像的平移向量：
[-2.213151511223572;
 2.105880676634698;
 -0.004546975523962125]

第14幅图像的旋转向量：
[53.47530799217845;
 15.47286619005376;
 162.1165432447975]
第14幅图像的旋转矩阵：
[-0.074442951251167, -0.8949889092108841, 0.4398330358198762;
 0.9620305331921998, -0.1805941098220227, -0.2046534160563249;
 0.2625937931767399, 0.4078978056904735, 0.8744506160429811]
第14幅图像的平移向量：
[2.255688231015539;
 -2.096744837178819;
 0.278537318128677]

第15幅图像的旋转向量：
[43.76221920588677;
 12.57976015142193;
 163.9009817156637]
第15幅图像的旋转矩阵：
[0.9018794194195144, -0.4279338543582428, 0.05904345113234585;
 0.4319319006121132, 0.8954998909268623, -0.1073069363255942;
 -0.006953133187775185, 0.1222806674993062, 0.9924712047685803]
第15幅图像的平移向量：
[-2.198712074612808;
 2.11379659655053;
 -0.2941159307797184]

第16幅图像的旋转向量：
[44.98152821696915;
 11.89188169768182;
 162.542424234295]
第16幅图像的旋转矩阵：
[0.8502612578014231, 0.5263527448942446, 0.002929406806188369;
 -0.5203216372988216, 0.8396520320711341, 0.1557236616493735;
 0.07950589437655126, -0.1339300301691498, 0.9877963149244258]
第16幅图像的平移向量：
[-2.115202730606179;
 2.034455343018672;
 -0.421604181106911]

第17幅图像的旋转向量：
[51.56000253673508;
 20.7806748355;
 145.5441815927293]
第17幅图像的旋转矩阵：
[0.3644336040760956, 0.926588301528308, 0.09285616668263452;
 -0.8635783189249725, 0.2989626774392718, 0.4060219262318974;
 0.3484546388022781, -0.2281566062362155, 0.9091336137927948]
第17幅图像的平移向量：
[2.149617147689384;
 -2.03642005747358;
 0.1240871475833208]

第18幅图像的旋转向量：
[56.04986384648191;
 21.78720935798064;
 145.4179712796977]
第18幅图像的旋转矩阵：
[0.9655330904424637, -0.2551324443707066, 0.05151006785137721;
 0.2590258652078087, 0.9612816833890543, -0.09403789839236183;
 -0.02552356585532889, 0.1041391425456074, 0.9942351766940729]
第18幅图像的平移向量：
[2.170961789395105;
 -2.080768385738645;
 0.1295174918575744]

第19幅图像的旋转向量：
[14.76525030433954;
 16.3521303468509;
 164.8657399372815]
第19幅图像的旋转矩阵：
[-0.9694192787531435, -0.1533600060900269, 0.1915906326358421;
 0.1880074322683258, -0.965876264012328, 0.1781467036727276;
 0.1577322649098978, 0.2087193118751944, 0.9651718921812527]
第19幅图像的平移向量：
[2.164882499051643;
 -2.193348648748632;
 0.2387891321817934]

第20幅图像的旋转向量：
[28.65068682643254;
 12.6982595053336;
 182.7929637582577]
第20幅图像的旋转矩阵：
[-0.9467969313846041, 0.1253124068857515, 0.2964327434700785;
 -0.08312137401607231, -0.9850443516433, 0.1509253539910081;
 0.3109122189660254, 0.1182557650862348, 0.9430531088552185]
第20幅图像的平移向量：
[2.168420853724644;
 -2.164494699455958;
 0.3533356831282827]

第21幅图像的旋转向量：
[32.26058254976711;
 10.66404805355185;
 186.0786001862581]
第21幅图像的旋转矩阵：
[0.7962786665666955, -0.600894629859376, 0.06975621102761267;
 0.6049296332124052, 0.7908422811444558, -0.0928903935600372;
 0.0006511776026790692, 0.1161642378720629, 0.9932298051344073]
第21幅图像的平移向量：
[-2.136762157073043;
 2.049635391331054;
 0.1169724532513944]

第22幅图像的旋转向量：
[32.58240752089853;
 8.758724809928099;
 197.1262116088482]
第22幅图像的旋转矩阵：
[0.4945629182158073, 0.8679773406721155, 0.04497617153145786;
 -0.8605680632609313, 0.4817775549703781, 0.1652664394911868;
 0.1217790146995553, -0.1204397094256156, 0.9852228925336026]
第22幅图像的平移向量：
[-1.95149180731084;
 1.852307813891094;
 0.4439490011375976]

第23幅图像的旋转向量：
[34.22778152522416;
 9.347382112461549;
 195.116014991105]
第23幅图像的旋转矩阵：
[-0.8655249209210094, 0.3947011457967165, 0.3083465854706997;
 -0.3634174269965336, -0.9185298191030029, 0.1556622792259701;
 0.3446656133412492, 0.02267105920251342, 0.9384517238807418]
第23幅图像的平移向量：
[-1.847107920800894;
 1.762851826550392;
 0.5890546369855213]

第24幅图像的旋转向量：
[38.38442592074552;
 14.416596707339;
 191.8848838612601]
第24幅图像的旋转矩阵：
[0.165607028267065, -0.9568431713796548, 0.2388000367937081;
 0.9817829341682527, 0.1370892584830584, -0.1315629331709418;
 0.093148174241517, 0.2562375471953515, 0.9621152410406887]
第24幅图像的平移向量：
[-2.066617821773745;
 1.878229379401424;
 0.426720743827336]

第25幅图像的旋转向量：
[39.40932925724673;
 17.70704028692154;
 175.6345863057567]
第25幅图像的旋转矩阵：
[0.2636414772037463, 0.962205468650924, 0.06821882142108897;
 -0.9292253443444152, 0.2343498559076416, 0.2856928498651495;
 0.2589081515244929, -0.1387111427907777, 0.9558900501312098]
第25幅图像的平移向量：
[-2.28554667504938;
 2.018257031891771;
 0.5050589487596375]

第26幅图像的旋转向量：
[46.75527317358294;
 26.44194722731901;
 174.0097209829202]
第26幅图像的旋转矩阵：
[0.9952559316960704, 0.09636854414194605, -0.01336914820579983;
 -0.09598988910209542, 0.9950282304854137, 0.02654734877975531;
 0.01586100923504772, -0.02513810329019171, 0.9995581544607685]
第26幅图像的平移向量：
[2.416467106572164;
 -1.971271498941177;
 -0.2586691464175757]

第27幅图像的旋转向量：
[39.79651120835191;
 21.68666016677177;
 198.8800223758111]
第27幅图像的旋转矩阵：
[-0.899676722776124, -0.176334464305398, 0.3993594260724813;
 0.2582623031415597, -0.9525255028842646, 0.1612319730422474;
 0.3519692845559544, 0.248196138272148, 0.9025055676703398]
第27幅图像的平移向量：
[-2.075906605391709;
 1.939497282639443;
 -0.5808566833722294]

第28幅图像的旋转向量：
[44.67229953258983;
 20.82181209917932;
 190.8366391755169]
第28幅图像的旋转矩阵：
[-0.594470710879844, -0.6689412423541133, 0.4462310928025393;
 0.7494309405550731, -0.662056126149082, 0.005911951218453865;
 0.2914752806753113, 0.3379338694274463, 0.8948982403877234]
第28幅图像的平移向量：
[-2.191201865408588;
 2.010536806968062;
 -0.7246123663959221]

第29幅图像的旋转向量：
[51.33818364356257;
 21.29970669511323;
 170.771619386561]
第29幅图像的旋转矩阵：
[-0.7159650058576286, 0.5344240373311014, 0.4492049183947247;
 -0.4077122547820998, -0.8423844899096936, 0.3523621552608645;
 0.5667140616640653, 0.06913262241742912, 0.8210090455225857]
第29幅图像的平移向量：
[2.101952382435134;
 -1.874454507607674;
 0.5413939974813887]

第30幅图像的旋转向量：
[37.63386789736835;
 19.98055906301544;
 191.4914351293573]
第30幅图像的旋转矩阵：
[0.2043817571452504, -0.9451005483369856, 0.2549765692751967;
 0.977379528932665, 0.1825514076350246, -0.1067906362647638;
 0.05438155725594725, 0.2710349370535105, 0.9610321061893916]
第30幅图像的平移向量：
[-2.121736599733866;
 1.972719381169305;
 0.2492249507404566]

第31幅图像的旋转向量：
[38.54276851242937;
 20.59095321133895;
 194.8815840304665]
第31幅图像的旋转矩阵：
[0.2563376539837419, 0.9655364027381125, 0.04506064954766045;
 -0.9347993629470933, 0.235780818046362, 0.2656267247004654;
 0.2458478354263464, -0.1102127979362378, 0.9630223159341875]
第31幅图像的平移向量：
[-1.969942800426618;
 1.848904109440819;
 0.470627895373991]


